1 4271030.264471 1861616.088134
2 4295345.719734 1963066.829575
3 4277320.041017 2017928.593924
4 4216590.825129 2061880.248188
5 4181261.064246 2115999.270584
6 4144125.475009 2182538.557461
7 4220932.680718 1908380.701028
8 4185314.040842 1952943.773853
9 4188462.563199 2046417.036108
10 4110580.157962 2146653.291835
11 4297260.043641 1829390.207864
12 4333427.642947 1856343.401557
13 4362210.649328 1865554.525148
14 4357112.910884 1892364.630957
15 4380491.275714 1891196.987218
16 4260017.179305 2036149.464653
17 4231147.358604 2057543.618984
18 4260182.816193 2077742.809345
19 4235455.100400 2096639.089368
20 4080529.541799 2217918.018483
21 4107723.037676 2200817.751162
22 4110371.098121 2204531.775674
23 4269036.176127 1817596.013225
24 4244896.230712 1851060.926176
25 4235104.199000 1786567.456000
26 4240253.376350 1832794.079947
27 4246152.892957 1883282.609578
28 4244111.849417 1907195.243865
29 4373125.606793 1911344.499785
30 4081005.722213 2045261.603465
31 4105300.566378 2083427.104969
32 4137974.275122 2039841.018840
33 4136104.515235 2103457.971619
34 4183596.755233 1998975.954104
35 4197816.587339 2005702.127473
36 4208540.033541 2022614.753490
37 4275929.919484 2051961.223513
38 4285431.985823 2061311.819014
39 4312936.143546 2078110.938999
40 4348084.500825 1827766.919324
41 4331285.297034 1852292.890562
42 4217604.298516 1997801.962672
43 4210741.134549 2019706.875103
44 4169780.308669 2084151.217063
45 4133220.350070 2163860.671755
46 4064646.246846 2111178.194596
47 4130086.718927 2138103.505176
48 4186930.622152 2129504.366858
49 4273797.403762 1935342.415904
50 4286890.244920 1949729.944331
51 4311015.341269 1920010.807173
52 4210609.665899 2099787.775251
53 4233216.515730 2077679.328877
54 4013002.037773 2214658.274235
55 4029583.802208 2224304.990368
56 4054712.162183 2207492.307189
57 4090291.155389 2181086.880758
58 4098029.328794 2181392.687020
59 4082430.126183 2213703.443949
