1 42.696924 23.326348
2 42.193462 24.334117
3 42.136907 24.748420
4 42.424302 25.628979
5 42.484223 26.503292
6 42.503999 27.462608
7 42.907501 23.794375
8 43.416168 24.605261
9 43.076863 25.618187
10 43.271730 26.938910
11 42.607137 23.033593
12 42.261721 23.112115
13 42.020664 23.091651
14 41.567939 23.279391
15 41.397899 23.206500
16 42.202545 25.324661
17 41.934798 25.555866
18 42.054598 25.595659
19 41.765486 26.201095
20 43.214764 27.909255
21 42.688007 27.705275
22 42.660627 27.718222
23 42.851876 23.034497
24 42.921910 22.929761
25 43.996292 22.866558
26 43.408086 23.223282
27 43.211367 23.550685
28 43.146115 23.715255
29 41.387699 23.363061
30 43.834410 25.966651
31 43.533552 26.538754
32 43.460060 25.738864
33 43.250062 26.568187
34 42.875084 25.318064
35 42.748846 25.321791
36 42.620391 25.396780
37 41.632343 25.376860
38 41.527209 25.407594
39 41.266862 25.433453
40 42.238532 22.476002
41 42.286827 22.691506
42 42.640279 24.804581
43 42.612945 24.968993
44 42.681009 26.328494
45 42.651191 26.980010
46 44.115026 27.265055
47 43.164673 26.817250
48 41.994901 26.572963
49 42.438528 23.814635
50 42.301013 23.868383
51 42.217936 24.002488
52 41.929653 25.901786
53 41.847472 26.083115
54 43.687565 28.529487
55 43.538162 28.535432
56 43.432865 28.335414
57 43.284552 28.040518
58 43.231687 28.009540
59 42.816371 27.880777
